diamond 4 06年04月08日08时100百帕温度场
06 04 08 08   0   100
  4.000 -4.000  32.0 160.0  80.0  12.0
  33  18  4 -100  -32  1  0
   -54.2   -54.1   -53.8   -53.3   -52.9   -52.5   -51.9   -51.0   -49.9   -48.8
   -48.1   -47.8   -47.6   -47.6   -47.7   -48.0   -48.4   -48.7   -48.8   -48.8
   -48.8   -48.8   -49.0   -49.0   -49.0   -48.8   -48.4   -48.0   -47.5   -47.2
   -47.0   -46.8   -46.7
   -54.3   -54.1   -53.8   -53.3   -52.9   -52.5   -52.1   -51.1   -49.9   -48.8
   -48.2   -47.8   -47.6   -47.5   -47.5   -47.9   -48.4   -48.7   -48.8   -48.7
   -48.7   -48.8   -49.0   -49.1   -49.1   -48.8   -48.5   -48.1   -47.6   -47.1
   -46.9   -46.7   -46.6
   -54.4   -54.1   -53.8   -53.4   -52.9   -52.7   -52.3   -51.3   -49.9   -48.7
   -48.1   -47.6   -47.3   -47.0   -47.0   -47.5   -48.2   -48.8   -48.8   -48.6
   -48.5   -48.8   -49.3   -49.5   -49.3   -48.8   -48.5   -48.3   -47.8   -47.2
   -46.9   -46.7   -46.6
   -53.8   -53.8   -53.7   -53.3   -52.8   -52.6   -52.5   -51.5   -49.9   -48.5
   -47.6   -46.9   -46.4   -46.2   -46.3   -47.1   -48.3   -49.0   -49.3   -49.1
   -49.2   -49.7   -50.4   -50.6   -50.3   -49.5   -49.0   -49.2   -48.9   -48.0
   -47.3   -46.9   -46.7
   -53.2   -52.2   -52.7   -52.7   -52.2   -52.1   -51.9   -50.9   -49.3   -48.1
   -47.0   -45.9   -45.5   -46.0   -46.5   -47.7   -49.1   -50.0   -50.4   -50.7
   -51.0   -51.6   -52.0   -52.4   -52.5   -51.6   -50.2   -50.3   -50.1   -48.9
   -47.7   -47.2   -47.0
   -52.7   -52.4   -52.0   -51.7   -51.3   -50.8   -50.0   -49.1   -48.4   -48.4
   -47.7   -46.2   -46.2   -47.6   -47.7   -48.7   -50.5   -50.8   -50.7   -51.2
   -51.1   -52.0   -52.7   -53.0   -53.9   -52.8   -49.1   -50.1   -50.3   -49.0
   -47.7   -47.3   -47.2
   -53.4   -52.8   -52.7   -52.0   -51.4   -51.2   -50.7   -49.7   -48.5   -48.5
   -48.8   -48.4   -48.6   -50.0   -50.3   -50.7   -51.5   -51.1   -50.5   -51.5
   -52.0   -52.5   -53.0   -53.5   -54.2   -52.5   -48.7   -49.5   -50.5   -49.5
   -48.2   -47.5   -47.5
   -53.8   -53.6   -53.1   -52.2   -51.4   -50.4   -49.9   -49.5   -48.5   -48.7
   -50.8   -52.6   -52.6   -53.3   -53.7   -52.8   -52.2   -52.8   -52.3   -51.8
   -52.7   -53.3   -53.0   -53.8   -54.0   -52.6   -51.4   -52.5   -51.8   -50.2
   -48.9   -48.2   -48.5
   -55.0   -54.9   -54.4   -53.7   -52.7   -51.8   -50.7   -50.1   -49.1   -50.1
   -52.8   -54.6   -53.7   -55.0   -57.1   -57.2   -56.8   -57.2   -56.4   -55.0
   -53.1   -54.6   -53.8   -52.8   -52.9   -52.6   -52.5   -52.5   -51.1   -49.7
   -49.5   -50.0   -50.7
   -55.9   -55.6   -55.8   -55.7   -54.7   -53.6   -53.1   -53.5   -52.7   -53.9
   -56.7   -57.6   -57.1   -59.3   -60.2   -59.0   -61.0   -61.6   -60.0   -59.3
   -56.9   -57.6   -56.0   -53.7   -52.4   -52.4   -53.2   -53.3   -50.4   -49.3
   -51.0   -53.2   -54.4
   -56.9   -56.4   -56.4   -56.7   -56.5   -56.6   -57.6   -58.2   -57.3   -56.9
   -58.7   -59.2   -60.0   -60.7   -58.5   -59.9   -61.3   -62.0   -61.9   -62.4
   -64.2   -62.8   -61.1   -57.1   -55.6   -57.0   -54.6   -53.5   -52.4   -52.7
   -55.4   -58.1   -59.3
   -58.0   -57.7   -57.5   -57.9   -58.3   -58.6   -59.1   -59.4   -59.0   -58.7
   -59.9   -61.1   -62.8   -62.4   -60.7   -60.7   -61.8   -63.5   -64.9   -63.9
   -64.1   -64.2   -63.5   -63.3   -63.8   -64.6   -61.9   -59.6   -58.5   -59.4
   -61.9   -64.0   -64.7
   -58.6   -58.4   -58.8   -59.6   -60.3   -60.3   -61.1   -61.6   -62.2   -63.4
   -64.1   -63.8   -65.2   -65.3   -64.6   -64.5   -63.7   -64.7   -67.4   -65.9
   -66.6   -68.0   -69.9   -69.8   -69.3   -68.2   -66.5   -66.2   -66.5   -67.7
   -69.1   -69.8   -69.6
   -59.1   -59.7   -61.5   -63.7   -65.9   -68.3   -71.7   -73.0   -72.9   -72.1
   -71.6   -70.5   -68.3   -67.3   -66.7   -66.8   -68.2   -69.8   -71.6   -74.3
   -72.8   -75.3   -75.2   -74.9   -77.2   -75.5   -72.3   -71.0   -72.1   -73.6
   -74.3   -74.1   -73.4
   -60.4   -62.0   -65.3   -68.8   -71.6   -74.0   -75.2   -75.4   -74.8   -73.6
   -73.0   -72.7   -71.5   -69.4   -68.7   -70.1   -73.9   -74.4   -75.8   -77.2
   -79.1   -79.4   -78.5   -78.5   -79.3   -78.3   -76.9   -74.9   -75.1   -76.1
   -76.8   -76.6   -75.8
   -62.3   -64.6   -68.6   -72.1   -74.2   -75.1   -75.4   -75.2   -74.6   -73.9
   -73.7   -74.1   -74.1   -73.8   -74.0   -75.1   -77.0   -77.5   -77.3   -78.4
   -79.7   -80.0   -79.7   -79.6   -79.7   -79.2   -78.1   -76.9   -76.6   -77.1
   -77.7   -77.6   -77.2
   -64.2   -66.6   -70.4   -73.4   -74.9   -75.3   -75.2   -74.9   -74.2   -73.7
   -74.7   -76.6   -78.0   -77.8   -77.4   -77.7   -79.4   -80.5   -80.5   -81.1
   -81.2   -80.5   -79.9   -79.7   -80.0   -80.3   -80.4   -80.0   -79.5   -79.1
   -78.8   -78.4   -78.0
   -65.7   -67.6   -70.9   -73.6   -74.9   -75.2   -75.1   -74.5   -73.6   -73.5
   -74.8   -78.2   -79.7   -79.8   -78.4   -78.3   -79.8   -82.3   -83.1   -83.6
   -82.6   -81.1   -80.2   -79.9   -80.2   -80.8   -81.3   -81.3   -80.8   -80.2
   -79.5   -78.9   -78.5
